942060
941122
941496
941138
941584
941130
941121
941269
942075
941573
941978
942057
941944
941229
941947
942909
941423
941156
942931
942933
942059
942082
941135
941988
941188
941649
941208
941949
942077
941104
942936
941264
941134
942056
941980
941110
941158
942910
942958
941569
941918
942032
941227
941967
942078
941222
941107
941884
942089
941959
942092
941109
941273
941163
941746
942916
942036
941254
941124
941100
941912
941103
941194
941166
941486
942937
942093
942948
941938
942005
941969
941827
941209
942942
941136
941126
941955
941211
942072
941712
941986
942922
941190
941979
941139
941118
942090
941963
941864
942035
941954
941970
942943
941881
941249
941214
941119
941586
941953
941133
941441
941482
941210
941742
941120
942034
941492
942031
942950
941159
941251
941187
941193
942956
941272
941164
942938
941889
942051
941974
941117
941950
942921
941580
941923
941161
942061
941183
941921
941155
941965
941113
942918
941143
941472
941915
941157
941191
942071
941146
941571
941898
941179
941180
941153
941142
942955
941865
941983
941570
941213
941932
941855
941247
942951
941733
941123
941893
941127
942058
942941
941914
941228
941101
941250
941860
941853
941165
941879
942954
941212
941935
941931
941154
941105
941857
941181
941976
941897
941106
942949
942935
941929
941271
941189
941934
941928
942033
941927
941111
